Publicerad	Period	Institut	SocialdemokraternaS	VänsterpartietV	MiljöpartietMP	ModeraternaM	LiberalernaL	CenterpartietC	KristdemokraternaKD	SverigedemokraternaSD	Feministiskt InitiativFI	Övriga partierÖvriga
3 jan	okänt	Skop	36.0 %	12.0 %	5.0 %	24.4 %	5.7 %	4.6 %	11.6 %	-	-	0.7 %
13 jan	okänt	Demoskop	34.6 %	11.9 %	5.0 %	26.5 %	4.7 %	4.2 %	12.1 %	-	-	1.0 %
23 jan	okänt	Sifo	32.3 %	13.7 %	6.4 %	25.7 %	5.0 %	3.7 %	12.1 %	-	-	1.1 %
28 jan	okänt	Ipsos	33.1 %	14.2 %	5.5 %	25.2 %	5.4 %	4.4 %	10.0 %	-	-	2.2 %
10 feb	okänt	Demoskop	32.5 %	13.7 %	5.4 %	25.4 %	5.7 %	4.2 %	10.5 %	-	-	2.6 %
20 feb	okänt	Sifo	35.0 %	13.4 %	4.0 %	25.4 %	4.5 %	4.9 %	10.6 %	-	-	2.2 %
25 feb	okänt	Ipsos	34.8 %	13.3 %	5.4 %	24.9 %	5.1 %	3.7 %	10.8 %	-	-	2.0 %
9 mar	okänt	Demoskop	35.4 %	11.1 %	5.6 %	26.3 %	5.1 %	3.8 %	11.1 %	-	-	1.6 %
19 mar	okänt	Sifo	33.5 %	13.4 %	5.3 %	25.5 %	5.0 %	5.0 %	10.9 %	-	-	1.4 %
31 mar	okänt	Ipsos	32.5 %	13.3 %	5.7 %	24.1 %	5.0 %	5.0 %	10.9 %	-	-	3.5 %
8 apr	okänt	Demoskop	33.9 %	15.1 %	4.3 %	25.0 %	4.7 %	5.0 %	9.7 %	-	-	2.3 %
16 apr	okänt	Sifo	33.6 %	13.3 %	5.1 %	25.4 %	6.1 %	4.5 %	10.9 %	-	-	1.1 %
28 apr	okänt	Ipsos	32.1 %	13.5 %	5.6 %	27.3 %	5.2 %	4.2 %	9.3 %	-	-	2.8 %
11 maj	okänt	Demoskop	33.3 %	13.9 %	4.4 %	27.0 %	5.1 %	3.8 %	9.3 %	-	-	3.2 %
14 maj	okänt	Sifo	34.2 %	12.9 %	5.0 %	26.3 %	5.2 %	4.8 %	10.5 %	-	-	1.1 %
26 maj	okänt	Ipsos	31.9 %	14.8 %	6.0 %	25.5 %	5.3 %	4.7 %	10.9 %	-	-	0.9 %
7 jun	okänt	Demoskop	32.8 %	16.7 %	5.2 %	26.3 %	3.5 %	4.0 %	8.6 %	-	-	2.9 %
9 jun	okänt	SCB	35.4 %	13.3 %	4.6 %	24.6 %	5.2 %	4.6 %	10.9 %	-	-	1.4 %
15 jun	okänt	Sifo	33.1 %	14.2 %	4.7 %	26.1 %	5.3 %	4.7 %	10.5 %	-	-	1.4 %
26 jun	okänt	Ipsos	31.2 %	16.4 %	5.0 %	23.6 %	5.6 %	5.0 %	11.6 %	-	-	1.6 %
5 aug	okänt	Demoskop	31.1 %	13.1 %	5.1 %	27.6 %	5.1 %	4.7 %	10.6 %	-	-	2.7 %
27 aug	okänt	Sifo	32.5 %	14.5 %	4.8 %	25.2 %	4.8 %	4.6 %	12.8 %	-	-	0.8 %
1 sep	okänt	Ipsos	28.7 %	15.8 %	5.8 %	25.7 %	5.3 %	4.9 %	12.6 %	-	-	1.2 %
8 sep	okänt	Demoskop	32.5 %	14.1 %	4.9 %	24.9 %	4.7 %	4.0 %	13.8 %	-	-	1.1 %
17 sep	okänt	Sifo	31.4 %	15.4 %	4.5 %	25.9 %	4.7 %	3.9 %	12.8 %	-	-	1.4 %
22 sep	okänt	Novus	31.8 %	16.6 %	4.5 %	24.8 %	4.6 %	3.6 %	13.4 %	-	-	0.7 %
29 sep	okänt	Ipsos	30.9 %	15.1 %	5.1 %	25.2 %	5.1 %	4.1 %	13.4 %	-	-	1.1 %
3 okt	okänt	Demoskop	33.5 %	15.7 %	2.9 %	27.9 %	5.3 %	3.4 %	10.9 %	-	-	0.4 %
14 okt	okänt	Sifo	32.3 %	14.2 %	4.5 %	26.0 %	5.1 %	4.4 %	11.8 %	-	-	1.7 %
26 okt	okänt	Ipsos	33.8 %	14.3 %	5.3 %	25.6 %	5.6 %	3.2 %	11.2 %	-	-	1.0 %
2 nov	okänt	Novus	33.7 %	14.6 %	4.8 %	24.5 %	4.1 %	4.5 %	12.2 %	-	-	1.6 %
3 nov	okänt	Demoskop	32.4 %	16.1 %	4.7 %	24.8 %	4.4 %	3.4 %	11.6 %	-	-	2.6 %
18 nov	okänt	Sifo	33.9 %	14.5 %	4.2 %	24.4 %	4.9 %	4.7 %	12.1 %	-	-	1.3 %
23 nov	okänt	Ipsos	33.9 %	14.8 %	5.7 %	25.2 %	4.6 %	3.7 %	10.5 %	-	-	1.6 %
6 dec	okänt	Demoskop	32.0 %	16.8 %	5.3 %	23.4 %	6.5 %	4.2 %	11.5 %	-	-	0.3 %
7 dec	okänt	SCB	35.3 %	14.0 %	3.7 %	23.9 %	4.6 %	4.6 %	12.5 %	-	-	1.4 %
14 dec	okänt	Ipsos	34.2 %	14.4 %	4.4 %	24.2 %	5.7 %	3.7 %	11.6 %	-	-	1.8 %
16 dec	okänt	Sifo	34.2 %	13.5 %	4.5 %	25.5 %	5.1 %	4.4 %	11.4 %	-	-	1.4 %
21 dec	okänt	Novus	33.4 %	14.7 %	4.7 %	25.5 %	5.6 %	4.8 %	10.9 %	-	-	0.4 %
